9²

’ Cas

61966.-66199166161. -·· 19666 16166. 569.
66656616161666. Vl) 569. 1111, 469. 696956
566 91661666565. 91666666. 599.56666.Ἦ,569

¹ 569. 55616916. 5565565165. 55616666. 556.
“ 1116666566.- 16666.- Luna. 554. 555.. 556.

conetur. 556. 9616166. 559. 561166 5666. ι-

, 6166666166. 559. 65661. 546. 651666. nstro·

nom. - 6666551666 66165. 341..- 6616665666.
545. 111, 666. 56611666. 11, 566. 66616 561666-
96. 555. Χ,66. 16166 56 1566661966. 15554.
neum 16166661666. 556. 51696. 595. 15669.

56 5595966. 665. 616656 66 1666669. 566166
65616666. 644. temperatura 56 [6666666166. 656.

nour. 95666666. 655. Ι66616 1616116. 655. 96-

561- Cas · .

455. 6566116 56 Lunr. 451. 51666666 5616 Lu·
66. 456. hauteur 56 666666. 446. variat·
566 66611. 56666.Ι-.- 66666. 566 6661166. 449.

- 666616. 561 66611. 56666. 449. 6611916 616661-

16 566. 456. 666116 9616166. - 966616Ιὲ666.

.459.1)611665. 5916961661666991. 4669265656
1 66666666. 495. 96656616. 459. 6656661666. lx,

Ι 696.16166661666 66666166. 65. 16616656 56 ril-

166. 66. longitude 56 1116616156. 66. 9616 de·
Parit. - 1669166566. 65. 6696616666. 45.

0651656661 (Μ. 566.) 56 661166.11,54. 6166661- . ¹
56 1166696666 66666666.1ΙῙ,51. 516616666166 ἢ

66611, 666 696. Χ, 656 666916616666. 11,
65. 1Π,5. 45. computus. 11, 449. 56 6666-

9669516. 655. 69666. 646. 69156166. 111, 55.
51696. X, 666.

’ 661166. 655. 9161166666 9566666666. 656. 1666 Ι-- (5666.) 5616615666 566611. 11,94.

9666516. 241. sur 16 91616. 656. sur 16 66196. (1611661 (G. 566.) 16966 16 61666 51 1616615666. '

252. 16666666166. - 9669665166. VIII, 546.

61666666 5556666616. 595. 665166 astronomi·

51696. 15669.

0656966 (1116.) 6661666566. 1, 665.

quer. 596. 696166 16661666. 599. 6619911468· castalione (565.) dialogi 16661. 11, 696.

1115466. 966966516616166. 405. nomnen& (1656116666 (166.) 56 9666666161566.11,665. 6616666..

566 161611. - 16 6661516666. 464. 465. diffe-

66 Antonini. 566. 9666666166 16666. 665.

66666. 465. 466. 665166 65666666. - 6466166- - (seb.) cumen, 1V‚283.

xe. 469. 9666116666. - 5156666 5566666666. 466. castbag (Mt.) aba zambeccari.x,364. Tempu„

16666666 56 9616. 465. 666666561666 566 916·

tur 566 Μ6666. 565. 1666 morgunt.

⁴ , 6666. 466. 6666666 56 Saturne· 4110. mellite· 06561566 56661. 56 6696666666. tv, 664

56 Saturne. 466. 466. 66661. 56 Jupiter. 452. (165611 (Mn) 1616196169.1,665. 166566696116. 1111,

trehet 5616691666.-.66666666 56 Jupiter.

114·

«- 1666111666 5616691666.465.414. 0616116110 citet-unco (56) epigramm. v1,666.
56 1691666464966611666 61 Μ666. 465. 666· castelvetri (1. Α.) numeri. 1111, 544. 545.

junctioni 6151616. 466. 66666666. 56 16666. -· (1.6566.)96656.11,565.

 

