161 “ 500

507100101ου. 504. 0500500010 00000. 596.
1000010000. a- 10010 050. 588. 100 10 05010.
a. 010000. - 5019 71001500. 549. 000000. 590·
0000000100. 579. 4001110010. 400. genre 10
710000. 407. 710000 10100000- 000005. 405..
00005004114000100. 494. 5010 de 0501070100,
455. 40010076100. 465. 0000000110. 494. 10100·
000.505506.0011000-0101100,5051001001111,

49. 1000001100. 70. 101100. 79. 01000010. 900.

0510011100 465. 07010010οι0. 501. 0001000010
70001. 595. [aigle 0070060. 594. 0100. 559.

· 000000 du 71000000. 554. 00100 10010. 690...

0000001100. 505. 0000001100. 695. 7000500010. 698.
1010100697. 0010110. 650.
500700 (Μο.) 110000170510000. 1v, 097.

Fouguet (Μο1.) 5000075005. V, 984. v .

100100(Μο.) 707100. 1115597.

5001110004104000) 1010 0000010. 117 40. ·

Foutcroy (1000010 10000.) fluide ιο1011400111,
997110015005. ὲ- 01000000. --¹ 500100 70000.
995.. 10510 1011000. 996.. 510111. Mineral·

. 0001100. 567. 00000010. 077. ’10501100 der chy·
0010. Ι1Π1, 9. 01000. 15110107510. 5. systema.

4. 10010050.07.1.0005000 ,100 1150175000. 97·

7501751000. 49910011 00100110. 59. 0000501100.
68. 1009000100. 70. 100100 1000000 10 0001-
000. 86. crystalli. 9¹· 110500. 005. 5101001010.
’ , 006.Ροο001100150800. 099. 5011010 0100101.

096. 01011050ος1τὰ 050. 805001010911005011. .

05500011010010101060. 046. 00100 50000100.

076. 0500001000. 089. 00100010 0001001000. 089.

Fou υ·- Fra Ι -

0001000509. 0701400. 479. 0011190. 69510590
111100. msa. 10500 Μο0000-510100.565. Sn-
0000110005. 570. 110510011000. 575. 010001100-
19000074. 10500 110 110005090010. 877.

5000000100 (Μο.) origine 100 110510710οι. lx, 984.
inscription. ³96· 0070700.. x, ..0. 000..
000. 064. 000 poetique. 94910510 0100100.
945. fur 00000000. 944100001000001000.

50000100 (80007.) 571007007510. 11, 564. 0001010.
geogr. 5611.

- (101. 5007.) 1000001110. 1Π,559. 01911111,
570.

“ 1000001005 (Mt.) Vorlesung. X, 87.

500100 (Μο.) 100000. 010000. 1, 950. 00 5000001.
985. purgationes. 1111, 968. 00010100. 989.
1 0015010100100. 986.
507 (Mt.) 0510000110οι 0010140000. IX, 575.
5070 (Μ.) structure 100 0011100οι.1,060.
5000011001 (charles) 00000110.1,909. 100. 989. 00100.

505.

5000010011 (Hier.) 5107011, 055. ctrmemVL661.
poene· mov(

1000000100 (50075.) 10 00000. 11, 89.

&adin (150000.) 077070. 11, 984. ⁴

15000000 (Μο.) 00· 050 0001010. 111, 400.

fragoso (Μο.) 0010010. VIII, 54. 8050001011ωο.

’ 96. 1151500100. 79. 000170000100. 1111, 005.

50070100(5070.)100011710110. 1000.11,85. 510300.
7510. X, 095. 010 1500751400. 046. 110000 1Ἧο-
ΜΕ.

1101170075 (1100.) 51070. 11055. '

 

